[tensor([[[[-4.4698, -4.4928, -4.5272,  ..., -4.6229, -4.5901, -4.6722],
    [-4.3137, -4.4992, -4.5135,  ..., -4.4267, -4.5664, -4.7431],
    [-4.2910, -4.3833, -4.4298,  ..., -4.5544, -4.6096, -4.8137],
    ...,
    [-4.3849, -4.4944, -4.5095,  ..., -4.3601, -4.5148, -4.6843],
    [-4.4485, -4.4935, -4.4316,  ..., -4.3451, -4.4557, -4.5634],
    [-4.4460, -4.4934, -4.4128,  ..., -4.4054, -4.5134, -4.5886]],

   [[-4.6689, -4.9474, -4.9753,  ..., -4.8224, -4.7841, -4.6635],
    [-4.6798, -4.8307, -4.8225,  ..., -4.8312, -4.7340, -4.5944],
    [-4.6304, -4.8082, -4.8680,  ..., -4.7575, -4.8424, -4.5680],
    ...,
    [-4.7377, -4.7857, -4.7451,  ..., -4.7050, -4.7182, -4.5344],
    [-4.6998, -4.7973, -4.8114,  ..., -4.6779, -4.6777, -4.5901],
    [-4.5902, -4.6123, -4.6225,  ..., -4.7005, -4.7215, -4.5858]],

   [[-4.7602, -4.6925, -4.6454,  ..., -4.6557, -4.7261, -4.6368],
    [-4.6420, -4.5469, -4.4180,  ..., -4.7017, -4.6725, -4.6766],
    [-4.7215, -4.7361, -4.5880,  ..., -4.6445, -4.7284, -4.7272],
    ...,
    [-4.7032, -4.7181, -4.7311,  ..., -4.7875, -4.8523, -4.7714],
    [-4.7364, -4.7600, -4.7220,  ..., -4.8280, -4.7654, -4.7589],
    [-4.6776, -4.5861, -4.5966,  ..., -4.7682, -4.7613, -4.6458]]],


  [[[-4.6223, -4.6120, -4.6390,  ..., -4.4877, -4.4204, -4.6565],
    [-4.4607, -4.4217, -4.5740,  ..., -4.4148, -4.4223, -4.8645],
    [-4.4236, -4.4194, -4.6236,  ..., -4.4253, -4.3236, -4.8232],
    ...,
    [-4.3670, -4.3920, -4.5296,  ..., -4.1252, -4.5225, -4.7008],
    [-4.4248, -4.4835, -4.5589,  ..., -4.3518, -4.4685, -4.4738],
    [-4.5177, -4.4783, -4.5119,  ..., -4.4397, -4.4054, -4.5843]],

   [[-4.7577, -4.7616, -4.8035,  ..., -4.8463, -4.7772, -4.7777],
    [-4.7839, -4.8323, -4.8402,  ..., -5.1068, -4.8348, -4.7785],
    [-4.8063, -4.8534, -5.0238,  ..., -5.0548, -4.7542, -4.6817],
    ...,
    [-4.7976, -4.7554, -4.8738,  ..., -4.7951, -5.0869, -4.7712],
    [-4.6936, -4.6178, -4.8382,  ..., -4.9441, -4.8602, -4.6838],
    [-4.6278, -4.5720, -4.6930,  ..., -4.6771, -4.7020, -4.5710]],

   [[-4.7110, -4.6932, -4.6856,  ..., -4.6209, -4.5805, -4.6460],
    [-4.6185, -4.6305, -4.7608,  ..., -4.5702, -4.5642, -4.6679],
    [-4.7027, -4.7779, -4.8765,  ..., -4.5138, -4.7351, -4.8524],
    ...,
    [-4.6780, -4.7060, -4.7215,  ..., -5.1533, -4.9983, -5.3546],
    [-4.7094, -4.6250, -4.6500,  ..., -5.1432, -4.9848, -5.1848],
    [-4.6439, -4.6130, -4.6449,  ..., -4.7335, -4.8042, -4.9007]]],


  [[[-4.5814, -4.6188, -4.4852,  ..., -4.4057, -4.4762, -4.7473],
    [-4.5084, -4.4744, -4.3278,  ..., -4.4938, -4.4570, -4.7835],
    [-4.4363, -4.4037, -4.3388,  ..., -4.5629, -4.4054, -4.8108],
    ...,
    [-4.3732, -4.3942, -4.4482,  ..., -4.0776, -4.3716, -4.7502],
    [-4.3694, -4.4875, -4.4803,  ..., -4.7033, -4.8962, -4.9533],
    [-4.4405, -4.4476, -4.4567,  ..., -4.3781, -4.5643, -4.6633]],

   [[-4.7503, -4.7482, -4.8122,  ..., -4.8953, -4.6949, -4.7754],
    [-4.7984, -4.7539, -4.7335,  ..., -4.9313, -4.8446, -4.6514],
    [-4.8368, -4.7812, -4.6500,  ..., -5.0003, -4.7602, -4.6697],
    ...,
    [-4.7179, -4.7310, -4.6766,  ..., -5.2172, -5.0172, -4.6566],
    [-4.6747, -4.7395, -4.6942,  ..., -5.1158, -4.9058, -4.5719],
    [-4.6191, -4.5619, -4.5652,  ..., -4.8799, -4.6840, -4.4164]],

   [[-4.5523, -4.5370, -4.4688,  ..., -4.3158, -4.6082, -4.5774],
    [-4.4746, -4.4583, -4.3912,  ..., -4.3019, -4.5675, -4.5619],
    [-4.5575, -4.4818, -4.4108,  ..., -4.2496, -4.5780, -4.6167],
    ...,
    [-4.7585, -4.7773, -4.7447,  ..., -4.6340, -4.8239, -4.9978],
    [-4.7704, -4.7338, -4.7339,  ..., -4.7627, -5.0390, -5.2597],
    [-4.7089, -4.6512, -4.7015,  ..., -4.7398, -4.9666, -4.9837]]],


  [[[-4.5232, -4.5270, -4.5386,  ..., -4.6994, -4.6052, -4.7583],
    [-4.3858, -4.4084, -4.4242,  ..., -4.6251, -4.6862, -4.8364],
    [-4.3722, -4.3744, -4.3707,  ..., -4.5830, -4.6885, -5.0201],
    ...,
    [-4.4846, -4.4145, -4.5689,  ..., -4.4597, -4.5600, -4.6934],
    [-4.4177, -4.4314, -4.5938,  ..., -4.4608, -4.5842, -4.6694],
    [-4.4491, -4.3879, -4.4136,  ..., -4.5090, -4.5928, -4.6925]],

   [[-4.7104, -4.7823, -4.8278,  ..., -4.7643, -4.8660, -4.7178],
    [-4.7143, -4.6709, -4.7139,  ..., -4.6831, -4.7596, -4.5876],
    [-4.6849, -4.7492, -4.9071,  ..., -4.6723, -4.6056, -4.5725],
    ...,
    [-4.7469, -4.7448, -4.7418,  ..., -4.7064, -4.7191, -4.5098],
    [-4.5980, -4.5740, -4.6378,  ..., -4.6760, -4.7194, -4.5723],
    [-4.6051, -4.5797, -4.6392,  ..., -4.7343, -4.7460, -4.6147]],

   [[-4.6707, -4.5733, -4.5132,  ..., -4.6122, -4.7312, -4.7479],
    [-4.6836, -4.5462, -4.5197,  ..., -4.6150, -4.8290, -4.7969],
    [-4.6040, -4.4880, -4.4457,  ..., -4.6872, -4.9237, -4.9805],
    ...,
    [-4.7773, -4.8422, -4.7703,  ..., -4.7783, -4.8416, -4.6958],
    [-4.7542, -4.7892, -4.8296,  ..., -4.7629, -4.6965, -4.7130],
    [-4.6038, -4.6614, -4.7451,  ..., -4.7134, -4.7146, -4.6530]]]],
 device='cuda:0', grad_fn=<AddBackward0>), tensor([[[[-4.3415, -4.4805, -4.5684,  ..., -4.5311, -4.5452, -4.6691],
    [-4.1033, -4.2741, -4.4854,  ..., -4.4827, -4.5599, -4.7956],
    [-4.0943, -4.1669, -4.3811,  ..., -4.3731, -4.6676, -4.8860],
    ...,
    [-4.2859, -4.2460, -4.3868,  ..., -4.5580, -4.6843, -4.9459],
    [-4.3516, -4.4161, -4.5459,  ..., -4.5361, -4.6564, -4.8415],
    [-4.4792, -4.4292, -4.5191,  ..., -4.5280, -4.6254, -4.7777]],

   [[-4.7989, -4.8501, -4.9317,  ..., -4.7254, -4.8239, -4.6384],
    [-4.8130, -5.0052, -4.9903,  ..., -4.6978, -4.7084, -4.5313],
    [-4.8639, -4.9872, -4.7317,  ..., -4.6376, -4.5980, -4.5188],
    ...,
    [-4.5340, -4.5936, -4.6416,  ..., -4.7123, -4.7030, -4.5812],
    [-4.5794, -4.6688, -4.6862,  ..., -4.6820, -4.6550, -4.5833],
    [-4.5266, -4.5225, -4.5143,  ..., -4.5469, -4.5391, -4.5700]],

   [[-4.6773, -4.5974, -4.5484,  ..., -4.6762, -4.6475, -4.5815],
    [-4.5710, -4.6814, -4.6353,  ..., -4.6478, -4.6212, -4.6653],
    [-4.6007, -4.7169, -4.6937,  ..., -4.6380, -4.6969, -4.7295],
    ...,
    [-4.6197, -4.3679, -4.5539,  ..., -4.5894, -4.6337, -4.6587],
    [-4.5709, -4.5360, -4.6126,  ..., -4.6981, -4.6637, -4.7102],
    [-4.5465, -4.4750, -4.5179,  ..., -4.5364, -4.5997, -4.6769]]],


  [[[-4.4156, -4.4353, -4.4961,  ..., -4.6258, -4.5973, -4.8347],
    [-4.2635, -4.4016, -4.3571,  ..., -4.3271, -4.5849, -4.8165],
    [-4.1979, -4.3918, -4.5084,  ..., -4.5199, -4.7122, -4.8567],
    ...,
    [-4.3879, -4.4743, -4.5351,  ..., -4.5596, -4.7114, -5.2024],
    [-4.4010, -4.4673, -4.5137,  ..., -4.4600, -4.7026, -5.0047],
    [-4.4321, -4.5023, -4.4000,  ..., -4.4861, -4.4899, -4.8553]],

   [[-4.6733, -4.6958, -4.7499,  ..., -4.8927, -4.8496, -4.7948],
    [-4.6751, -4.8041, -4.9014,  ..., -4.9952, -4.9592, -4.7743],
    [-4.7196, -4.7918, -4.8844,  ..., -5.0242, -4.8753, -4.6680],
    ...,
    [-4.5822, -4.7231, -4.6894,  ..., -4.6798, -4.4392, -4.5292],
    [-4.5722, -4.5831, -4.5594,  ..., -4.3205, -4.2192, -4.4439],
    [-4.5586, -4.6027, -4.5603,  ..., -4.5390, -4.3322, -4.5101]],

   [[-4.6772, -4.5854, -4.5886,  ..., -4.5229, -4.5689, -4.4515],
    [-4.6403, -4.6088, -4.5825,  ..., -4.5407, -4.6977, -4.6708],
    [-4.6780, -4.6369, -4.6304,  ..., -4.4531, -4.8044, -4.7598],
    ...,
    [-4.6151, -4.4718, -4.4760,  ..., -4.5830, -4.7221, -4.9427],
    [-4.6160, -4.5167, -4.5180,  ..., -4.8302, -4.9526, -5.1546],
    [-4.5682, -4.4630, -4.5354,  ..., -4.7572, -4.8314, -4.8855]]],


  [[[-4.5178, -4.4002, -4.7029,  ..., -4.6999, -4.8517, -4.9624],
    [-4.1688, -4.1040, -4.2921,  ..., -4.4571, -4.6799, -5.0638],
    [-3.9581, -3.8093, -4.0350,  ..., -4.5613, -4.7128, -4.9505],
    ...,
    [-4.2850, -4.4143, -4.6192,  ..., -4.5064, -4.8112, -5.0547],
    [-4.3878, -4.4162, -4.4615,  ..., -4.1499, -4.7302, -4.8649],
    [-4.3813, -4.3612, -4.2960,  ..., -4.4208, -4.5079, -4.7849]],

   [[-4.6493, -4.9286, -4.9360,  ..., -5.1074, -5.1673, -4.8451],
    [-4.7907, -5.1517, -5.0094,  ..., -5.0300, -4.6867, -4.5635],
    [-4.8569, -5.0180, -4.9201,  ..., -4.7666, -4.7226, -4.5850],
    ...,
    [-4.6434, -4.8501, -4.6910,  ..., -5.1958, -5.0599, -4.7608],
    [-4.6809, -4.8162, -4.6577,  ..., -5.1059, -4.8695, -4.7259],
    [-4.5600, -4.5195, -4.6067,  ..., -4.7225, -4.5818, -4.5531]],

   [[-4.7122, -4.6854, -4.6530,  ..., -4.5492, -4.6307, -4.7081],
    [-4.6143, -4.7651, -4.6565,  ..., -4.3449, -4.6844, -4.7996],
    [-4.6390, -4.7812, -4.8310,  ..., -4.8246, -5.0146, -5.0946],
    ...,
    [-4.7292, -4.4743, -4.5728,  ..., -4.8482, -4.8343, -4.8015],
    [-4.5965, -4.3909, -4.5131,  ..., -4.7722, -4.9425, -4.8561],
    [-4.5576, -4.3440, -4.3949,  ..., -4.7499, -4.8153, -4.9057]]],


  [[[-4.4253, -4.4514, -4.5383,  ..., -4.5257, -4.5547, -4.5506],
    [-4.1374, -4.1573, -4.1935,  ..., -4.6187, -4.7312, -4.7608],
    [-4.2550, -4.1396, -4.2112,  ..., -4.4471, -4.5457, -4.6637],
    ...,
    [-4.4155, -4.3987, -4.6704,  ..., -4.4554, -4.6067, -4.7948],
    [-4.4324, -4.4781, -4.5909,  ..., -4.5905, -4.6005, -4.6833],
    [-4.4821, -4.4745, -4.4769,  ..., -4.5516, -4.5913, -4.7077]],

   [[-4.6071, -4.7812, -4.7520,  ..., -4.7369, -4.8887, -4.7221],
    [-4.6810, -4.8859, -4.7321,  ..., -4.9895, -5.0085, -4.8494],
    [-4.6851, -4.8976, -4.9190,  ..., -4.9881, -4.8532, -4.6348],
    ...,
    [-4.5591, -4.6207, -4.6259,  ..., -4.6369, -4.5612, -4.5515],
    [-4.6845, -4.6743, -4.6470,  ..., -4.6605, -4.5946, -4.6131],
    [-4.5148, -4.5290, -4.5695,  ..., -4.5456, -4.5333, -4.5515]],

   [[-4.6606, -4.5373, -4.5513,  ..., -4.5969, -4.8048, -4.6410],
    [-4.7344, -4.4428, -4.4662,  ..., -4.5339, -4.7503, -4.6558],
    [-4.6131, -4.3885, -4.4708,  ..., -4.6228, -4.7765, -4.7389],
    ...,
    [-4.7175, -4.6108, -4.6544,  ..., -4.6884, -4.5767, -4.6841],
    [-4.7055, -4.6437, -4.6009,  ..., -4.6842, -4.7149, -4.7954],
    [-4.6825, -4.5544, -4.5859,  ..., -4.6159, -4.6464, -4.6844]]]],
 device='cuda:0', grad_fn=<AddBackward0>), tensor([[[[-4.5288, -4.5806, -4.6047,  ..., -4.6535, -4.6300, -4.7484],
    [-4.3362, -4.5031, -4.3501,  ..., -4.4519, -4.6128, -4.8284],
    [-4.1914, -4.0752, -4.3272,  ..., -4.4130, -4.4983, -4.8303],
    ...,
    [-4.3412, -4.4318, -4.4888,  ..., -4.4904, -4.4327, -4.7632],
    [-4.3862, -4.4964, -4.5813,  ..., -4.5162, -4.5217, -4.7268],
    [-4.3813, -4.3627, -4.4879,  ..., -4.4099, -4.5377, -4.6809]],

   [[-4.6238, -4.7827, -4.8065,  ..., -4.6677, -4.6811, -4.6379],
    [-4.7283, -4.8521, -4.9235,  ..., -4.5687, -4.4934, -4.5098],
    [-4.9286, -4.7325, -4.7597,  ..., -4.6740, -4.5429, -4.5103],
    ...,
    [-4.5691, -4.5155, -4.6548,  ..., -4.6099, -4.6295, -4.5026],
    [-4.4672, -4.5198, -4.5600,  ..., -4.5522, -4.5932, -4.4913],
    [-4.4434, -4.4238, -4.4724,  ..., -4.6075, -4.5997, -4.5555]],

   [[-4.6753, -4.4035, -4.4059,  ..., -4.7458, -4.5967, -4.6320],
    [-4.7679, -4.5504, -4.5928,  ..., -4.9420, -4.6449, -4.6287],
    [-4.7518, -4.5903, -4.6163,  ..., -4.6918, -4.5647, -4.6046],
    ...,
    [-4.7769, -4.5653, -4.5684,  ..., -4.8466, -4.7296, -4.6572],
    [-4.6663, -4.6469, -4.5473,  ..., -4.7369, -4.7477, -4.7190],
    [-4.5665, -4.5615, -4.5796,  ..., -4.7323, -4.7396, -4.6856]]],


  [[[-4.3708, -4.5129, -4.5193,  ..., -4.8932, -4.8239, -4.6667],
    [-4.2113, -4.2139, -4.2343,  ..., -4.5235, -4.6572, -4.7369],
    [-4.0647, -4.0886, -4.1896,  ..., -4.4573, -4.6146, -4.6705],
    ...,
    [-4.4058, -4.4806, -4.5920,  ..., -4.3364, -4.3432, -4.5777],
    [-4.3788, -4.4280, -4.3655,  ..., -4.5702, -4.8460, -4.6680],
    [-4.4667, -4.5140, -4.4486,  ..., -4.5134, -4.5431, -4.5618]],

   [[-4.7017, -4.7680, -4.7077,  ..., -4.6425, -4.8362, -4.7745],
    [-4.8200, -4.8253, -4.7026,  ..., -4.6506, -4.6867, -4.7515],
    [-4.8416, -4.8105, -4.6239,  ..., -4.6386, -4.6953, -4.7052],
    ...,
    [-4.6343, -4.6865, -4.6275,  ..., -4.5068, -4.8583, -4.6548],
    [-4.7585, -4.7786, -4.7172,  ..., -4.5733, -4.5625, -4.5899],
    [-4.6794, -4.5702, -4.4965,  ..., -4.4885, -4.5548, -4.4207]],

   [[-4.6374, -4.5424, -4.5427,  ..., -4.8202, -4.7840, -4.7190],
    [-4.6126, -4.5881, -4.6376,  ..., -4.7959, -4.8402, -4.8581],
    [-4.6056, -4.4584, -4.5801,  ..., -4.8058, -4.9432, -4.9105],
    ...,
    [-4.6281, -4.5309, -4.7402,  ..., -4.6147, -4.6496, -4.7903],
    [-4.6782, -4.6241, -4.7298,  ..., -4.5097, -4.4351, -4.8397],
    [-4.5513, -4.6179, -4.7360,  ..., -4.7603, -4.4402, -4.5349]]],


  [[[-4.4795, -4.4064, -4.6815,  ..., -4.5989, -4.7905, -4.7367],
    [-4.0167, -3.9048, -3.9946,  ..., -4.1371, -4.6160, -4.8540],
    [-4.2472, -3.8180, -4.1501,  ..., -4.1983, -4.4998, -4.7422],
    ...,
    [-4.2820, -4.4794, -4.4158,  ..., -4.5688, -4.6841, -4.9396],
    [-4.2384, -4.3651, -4.6212,  ..., -4.8138, -4.7108, -4.9378],
    [-4.4489, -4.2884, -4.3818,  ..., -4.5478, -4.7262, -4.7556]],

   [[-4.5415, -4.7186, -4.7387,  ..., -4.5450, -4.7894, -4.7188],
    [-4.5121, -4.6332, -4.6512,  ..., -4.4874, -4.4822, -4.6185],
    [-4.6077, -4.5663, -4.5807,  ..., -4.5638, -4.5839, -4.6369],
    ...,
    [-4.6811, -4.8980, -5.0162,  ..., -4.6786, -4.6860, -4.5572],
    [-4.7247, -4.8274, -4.7371,  ..., -4.5693, -4.6462, -4.4397],
    [-4.5981, -4.6196, -4.5211,  ..., -4.8826, -4.6192, -4.4927]],

   [[-4.6342, -4.2945, -4.4445,  ..., -4.3879, -4.4665, -4.7213],
    [-4.6123, -4.3282, -4.2143,  ..., -4.3546, -4.4869, -4.6935],
    [-4.5782, -4.4463, -4.5463,  ..., -4.5582, -4.7875, -5.0591],
    ...,
    [-4.7609, -4.7435, -4.8578,  ..., -4.3678, -4.4221, -4.8491],
    [-4.6487, -4.6414, -4.8431,  ..., -4.5102, -4.5177, -4.9611],
    [-4.6211, -4.4965, -4.5693,  ..., -4.6651, -4.5900, -4.9533]]],


  [[[-4.5097, -4.5668, -4.6142,  ..., -4.4519, -4.5740, -4.6710],
    [-4.2400, -4.3788, -4.6096,  ..., -4.4911, -4.5949, -4.8478],
    [-4.2761, -4.2076, -4.4864,  ..., -4.5656, -4.7048, -4.9522],
    ...,
    [-4.5291, -4.4208, -4.6791,  ..., -4.7211, -4.7940, -4.9137],
    [-4.4087, -4.4408, -4.4001,  ..., -4.6117, -4.6339, -4.7760],
    [-4.5281, -4.4572, -4.5535,  ..., -4.5740, -4.6124, -4.6695]],

   [[-4.6008, -4.7588, -4.7812,  ..., -4.7718, -4.7252, -4.6932],
    [-4.4382, -4.5772, -4.4356,  ..., -4.5501, -4.5696, -4.5853],
    [-4.6903, -4.5527, -4.3707,  ..., -4.4441, -4.3662, -4.4668],
    ...,
    [-4.8487, -4.9261, -4.6554,  ..., -4.5058, -4.4369, -4.4067],
    [-4.9314, -4.9602, -4.6428,  ..., -4.5563, -4.5178, -4.4465],
    [-4.7091, -4.5356, -4.5676,  ..., -4.5490, -4.5251, -4.4970]],

   [[-4.5769, -4.4359, -4.3751,  ..., -4.6087, -4.5372, -4.6742],
    [-4.5612, -4.2911, -4.4513,  ..., -4.6654, -4.4528, -4.6361],
    [-4.6178, -4.5061, -4.5312,  ..., -4.7224, -4.7224, -4.8733],
    ...,
    [-4.4611, -4.5797, -4.7163,  ..., -4.9203, -4.7679, -4.6673],
    [-4.7161, -4.8951, -4.6468,  ..., -4.7512, -4.6785, -4.7016],
    [-4.6508, -4.7167, -4.8209,  ..., -4.6998, -4.6980, -4.7034]]]],
 device='cuda:0', grad_fn=<AddBackward0>), tensor([[[[-4.4079, -4.4108, -4.5473,  ..., -4.8194, -4.7477, -4.6741],
    [-4.3585, -4.2119, -4.4105,  ..., -4.5046, -4.6794, -4.7894],
    [-4.2229, -4.1885, -4.5502,  ..., -4.6117, -4.8440, -5.0222],
    ...,
    [-4.2924, -4.1975, -4.3075,  ..., -4.5921, -4.7984, -5.0583],
    [-4.3335, -4.2580, -4.2617,  ..., -4.7158, -4.4268, -4.7896],
    [-4.3519, -4.4625, -4.5653,  ..., -4.6199, -4.5431, -4.8188]],

   [[-4.8103, -4.8046, -4.9022,  ..., -4.7301, -4.7348, -4.6245],
    [-4.6961, -5.0334, -4.9902,  ..., -4.7855, -4.6688, -4.5052],
    [-4.7112, -4.8790, -4.6557,  ..., -4.9283, -4.8068, -4.6989],
    ...,
    [-4.9913, -5.0490, -4.5957,  ..., -5.0551, -4.9156, -4.6180],
    [-4.7944, -4.7613, -4.7380,  ..., -4.8667, -4.7662, -4.6580],
    [-4.6084, -4.6044, -4.6148,  ..., -4.6276, -4.4755, -4.5351]],

   [[-4.6495, -4.6572, -4.5969,  ..., -4.5246, -4.7197, -4.7489],
    [-4.6818, -4.7020, -5.0411,  ..., -4.6319, -4.7869, -4.7575],
    [-4.5281, -4.6792, -4.7606,  ..., -4.8799, -4.8335, -4.8052],
    ...,
    [-4.6080, -4.4793, -4.4928,  ..., -5.1236, -4.9333, -4.9465],
    [-4.6222, -4.5570, -4.4932,  ..., -5.2539, -5.0539, -4.9745],
    [-4.6178, -4.5732, -4.7292,  ..., -4.8250, -4.6878, -4.7343]]],


  [[[-4.5474, -4.3871, -4.4620,  ..., -4.7345, -4.6866, -4.8293],
    [-4.3100, -4.1830, -4.0974,  ..., -4.3686, -4.5001, -4.8453],
    [-4.0246, -4.0934, -4.2130,  ..., -4.5537, -4.5363, -4.8322],
    ...,
    [-4.0363, -3.9659, -4.0834,  ..., -4.5351, -4.6382, -5.0769],
    [-4.3338, -4.0194, -4.2161,  ..., -4.8907, -4.6632, -4.8888],
    [-4.5059, -4.4730, -4.3926,  ..., -4.2365, -4.4534, -4.6197]],

   [[-4.6949, -4.7361, -4.9333,  ..., -4.8350, -4.6690, -4.7483],
    [-4.8256, -4.7149, -5.1044,  ..., -4.8061, -4.7489, -4.6885],
    [-4.7217, -5.0608, -4.8853,  ..., -4.6761, -4.6278, -4.6759],
    ...,
    [-4.7466, -4.8742, -4.9476,  ..., -5.1996, -5.0467, -4.7734],
    [-4.8366, -4.9939, -4.8635,  ..., -5.0730, -5.1498, -4.7754],
    [-4.7152, -4.7470, -4.7340,  ..., -4.7631, -4.6649, -4.4341]],

   [[-4.7400, -4.5337, -4.7371,  ..., -4.7107, -4.8212, -4.7028],
    [-4.5302, -4.5051, -4.4444,  ..., -4.6753, -4.8420, -5.0199],
    [-4.6490, -4.6196, -4.6506,  ..., -4.5367, -4.9173, -4.9091],
    ...,
    [-4.4795, -4.4582, -4.8176,  ..., -5.0303, -4.9307, -4.8824],
    [-4.4708, -4.4250, -4.5192,  ..., -4.8365, -4.7249, -4.9070],
    [-4.5983, -4.6904, -4.8331,  ..., -4.8897, -4.7231, -4.9098]]],


  [[[-4.4494, -4.5085, -4.5310,  ..., -4.6890, -4.7085, -4.7374],
    [-4.3393, -4.3508, -4.3978,  ..., -4.8208, -4.8375, -4.9074],
    [-4.3754, -4.5408, -4.6112,  ..., -4.8379, -4.6766, -4.8522],
    ...,
    [-4.3239, -4.2436, -4.3517,  ..., -4.9073, -4.7349, -4.9707],
    [-4.2318, -4.2058, -4.3251,  ..., -4.4177, -4.5487, -4.7078],
    [-4.4212, -4.3757, -4.3837,  ..., -4.2933, -4.5302, -4.6483]],

   [[-4.7175, -4.7275, -4.8373,  ..., -4.9145, -4.8367, -4.7979],
    [-4.9310, -4.9563, -4.7568,  ..., -5.0354, -4.9794, -4.7721],
    [-4.7729, -4.8329, -4.9337,  ..., -5.1628, -4.9277, -4.8827],
    ...,
    [-4.6365, -5.0258, -4.9712,  ..., -4.8056, -4.6108, -4.5353],
    [-4.6336, -4.6808, -4.4954,  ..., -4.8205, -4.7243, -4.5900],
    [-4.6606, -4.6519, -4.6916,  ..., -4.6879, -4.6407, -4.5050]],

   [[-4.5318, -4.5098, -4.4930,  ..., -5.0555, -4.8920, -4.6712],
    [-4.6976, -4.8152, -4.8152,  ..., -5.0941, -5.1015, -4.7083],
    [-4.7535, -4.6358, -5.0537,  ..., -5.1223, -5.2747, -4.5417],
    ...,
    [-4.7071, -4.6649, -4.6871,  ..., -4.8418, -4.9800, -4.8665],
    [-4.5410, -4.5206, -4.5411,  ..., -4.9031, -5.1348, -5.0104],
    [-4.5907, -4.5729, -4.6460,  ..., -4.6809, -4.6690, -4.9266]]],


  [[[-4.5758, -4.7188, -4.8101,  ..., -4.6027, -4.7469, -4.7318],
    [-4.3437, -4.4291, -4.3957,  ..., -4.4641, -4.6472, -4.8226],
    [-3.9090, -4.2447, -4.6469,  ..., -4.7401, -4.7159, -4.8621],
    ...,
    [-4.1810, -4.3442, -4.9006,  ..., -4.7759, -4.7858, -4.7659],
    [-4.4227, -4.5597, -4.9108,  ..., -4.6424, -4.8091, -4.8814],
    [-4.2191, -4.4031, -4.5752,  ..., -4.4574, -4.5897, -4.7924]],

   [[-4.8200, -4.8131, -4.7154,  ..., -4.8401, -4.8076, -4.6300],
    [-4.8492, -4.8795, -4.9069,  ..., -4.5695, -4.6489, -4.4752],
    [-5.0216, -4.9724, -5.1068,  ..., -4.4629, -4.7866, -4.7248],
    ...,
    [-5.0131, -5.0890, -4.4777,  ..., -4.5759, -4.6556, -4.2744],
    [-4.7045, -4.7211, -4.3014,  ..., -4.6972, -4.7612, -4.5164],
    [-4.5455, -4.6702, -4.3244,  ..., -4.7432, -4.7580, -4.6829]],

   [[-4.6189, -4.3374, -4.6443,  ..., -4.7171, -4.8048, -4.7013],
    [-4.6371, -4.4731, -4.6799,  ..., -4.7099, -4.7588, -4.7108],
    [-4.5558, -4.4819, -4.7050,  ..., -4.9813, -4.9516, -5.0927],
    ...,
    [-4.5410, -4.6938, -5.2161,  ..., -4.8136, -5.0491, -5.1873],
    [-4.5569, -4.8071, -4.9278,  ..., -4.9999, -4.8827, -4.8671],
    [-4.6671, -4.8752, -4.7901,  ..., -5.0513, -4.8552, -4.7923]]]],
 device='cuda:0', grad_fn=<AddBackward0>), tensor([[[[-4.7382, -4.6529, -4.8917, -4.8521, -4.6838, -4.7748, -4.7591,
     -4.6437, -4.4698, -4.7111],
    [-4.2464, -4.2764, -4.5943, -4.3265, -4.0796, -4.3409, -4.4947,
     -4.2583, -4.7771, -4.9676],
    [-3.9974, -4.4242, -4.4292, -4.4822, -4.3563, -4.8080, -4.7834,
     -4.3843, -4.6932, -5.0929],
    [-4.2877, -4.3128, -4.3075, -4.1723, -4.2367, -3.8645, -4.5578,
     -4.5463, -4.9699, -5.0487],
    [-4.2564, -4.5428, -4.3993, -4.4144, -4.5834, -4.3470, -4.6769,
     -4.8222, -4.7804, -4.8311],
    [-4.2752, -4.4089, -4.3851, -4.9105, -4.6627, -4.6691, -4.2486,
     -4.7240, -4.8020, -4.7362],
    [-4.3029, -4.6332, -4.4726, -4.4005, -4.5672, -4.4318, -4.7909,
     -4.9550, -4.7657, -4.9063],
    [-4.3533, -4.2875, -4.4223, -4.4972, -4.4270, -4.3121, -4.5409,
     -4.8551, -4.8049, -4.7907]],

   [[-4.7176, -4.8310, -4.9670, -5.0193, -5.0793, -5.0236, -4.6557,
     -4.8468, -5.0218, -4.7665],
    [-4.8236, -4.4903, -4.7779, -4.7636, -4.7641, -4.6639, -4.8319,
     -4.9617, -4.6367, -4.5222],
    [-4.6770, -4.5395, -4.7983, -4.9226, -4.7202, -4.7704, -4.8646,
     -4.6357, -4.8344, -4.8271],
    [-4.9507, -4.6496, -4.7387, -4.9704, -4.7460, -4.7581, -4.7269,
     -4.9316, -4.8923, -4.5627],
    [-4.9238, -4.9043, -4.7010, -5.3434, -5.5187, -5.2167, -4.6333,
     -4.8812, -4.4171, -4.5775],
    [-4.9580, -5.1201, -4.9945, -5.0791, -5.0030, -4.6655, -4.8920,
     -5.3369, -4.7560, -4.7673],
    [-5.0172, -5.0577, -4.9650, -4.9630, -4.9966, -4.8276, -4.8266,
     -5.0262, -4.8414, -4.5668],
    [-4.8200, -4.7558, -4.6600, -4.6601, -4.5919, -4.9375, -4.8484,
     -4.8778, -4.6472, -4.3925]],

   [[-4.7958, -4.7762, -4.7368, -4.6233, -4.7906, -4.5982, -4.6302,
     -4.4818, -4.6237, -4.6388],
    [-4.5983, -4.9350, -4.7381, -4.4169, -4.6429, -4.4509, -4.5414,
     -4.5341, -4.4766, -4.7143],
    [-4.5209, -4.6889, -4.9775, -4.9373, -4.5311, -4.8891, -4.7604,
     -5.0629, -5.1593, -5.2643],
    [-4.7925, -4.0410, -4.4947, -5.0220, -4.8207, -4.7795, -4.9118,
     -5.0085, -5.0575, -5.0661],
    [-4.6088, -4.5794, -4.7451, -4.6232, -4.5108, -4.2893, -4.7064,
     -4.8262, -4.9997, -4.8409],
    [-4.6583, -4.6279, -4.5355, -4.3357, -4.6782, -4.5780, -4.9538,
     -5.2677, -5.2859, -5.0262],
    [-4.5757, -4.5731, -4.4420, -4.6770, -4.5538, -4.7774, -4.6713,
     -5.2311, -5.0749, -5.0829],
    [-4.6296, -4.7349, -4.7803, -4.6963, -4.8400, -4.7005, -4.7523,
     -4.9798, -4.8847, -4.8837]]],


  [[[-4.6523, -4.5260, -4.5673, -4.7510, -4.9411, -4.8309, -4.8676,
     -4.7762, -4.6206, -4.7683],
    [-4.3664, -4.2852, -4.5698, -4.3566, -4.5746, -4.3226, -4.1331,
     -4.5887, -4.6817, -4.9840],
    [-4.4720, -4.4902, -4.5625, -4.5124, -4.4320, -4.1957, -4.6372,
     -4.4126, -4.3747, -4.9224],
    [-4.4831, -3.9644, -4.3278, -4.2579, -4.2361, -4.3978, -4.1122,
     -4.3581, -4.9318, -4.8347],
    [-4.4760, -4.3117, -4.4680, -4.7070, -4.7069, -4.4626, -4.1887,
     -4.5555, -4.6402, -5.1628],
    [-4.0744, -4.2406, -4.5668, -4.9855, -4.4579, -4.6053, -4.6773,
     -4.6395, -4.7701, -4.9621],
    [-4.2713, -4.0938, -4.6464, -4.8435, -4.7022, -4.2490, -4.2024,
     -4.2563, -4.7829, -4.6404],
    [-4.3115, -4.3074, -4.3989, -4.2640, -4.8001, -4.4851, -4.3639,
     -4.4607, -4.5542, -4.8424]],

   [[-4.5344, -4.6383, -5.0209, -4.9198, -4.9094, -4.8948, -4.7629,
     -4.7627, -4.7978, -4.6108],
    [-4.8194, -5.0899, -4.9030, -4.7865, -4.7226, -5.1171, -4.7006,
     -4.7292, -4.7560, -4.5538],
    [-4.6906, -4.6609, -5.0554, -5.3853, -5.1795, -4.9522, -4.9381,
     -4.5881, -4.7384, -4.5912],
    [-4.7327, -4.7917, -4.7677, -5.1421, -4.9656, -5.2209, -4.7821,
     -4.8061, -4.7233, -4.6794],
    [-4.9108, -4.9894, -4.7827, -4.6306, -4.8807, -5.0774, -5.1734,
     -4.7146, -4.7367, -4.7619],
    [-4.9533, -4.9264, -5.0902, -5.1674, -4.7819, -4.9271, -4.9105,
     -4.7427, -4.7923, -4.8938],
    [-5.2723, -5.3963, -5.1136, -4.5668, -5.0923, -5.0094, -4.7783,
     -4.7469, -4.7020, -4.7746],
    [-4.8238, -4.5231, -4.4923, -4.5865, -4.8825, -4.6027, -4.4130,
     -4.5943, -4.6584, -4.4092]],

   [[-4.7475, -4.4512, -4.6933, -4.5832, -4.5977, -4.4216, -4.5763,
     -4.6171, -4.3954, -4.8168],
    [-4.6395, -4.6223, -4.8999, -4.7994, -4.8978, -4.8863, -4.8492,
     -4.5906, -4.8533, -5.1393],
    [-4.8368, -4.5389, -4.5808, -4.5880, -4.8175, -5.2442, -4.8701,
     -4.8953, -4.9429, -5.2781],
    [-4.7570, -5.0157, -4.5438, -4.9114, -5.0347, -5.2964, -4.8160,
     -4.9639, -4.6670, -4.9329],
    [-4.7235, -4.9056, -4.8462, -4.4008, -4.9660, -5.1853, -5.0297,
     -4.8276, -5.2624, -4.8345],
    [-4.6821, -4.7828, -4.9021, -5.0292, -5.2127, -4.9744, -4.9951,
     -4.8981, -4.7833, -4.7116],
    [-4.5726, -4.7630, -5.4923, -5.0699, -4.8577, -5.2968, -5.0810,
     -4.7710, -5.3138, -4.9301],
    [-4.7019, -4.5977, -5.1248, -4.7058, -4.9614, -5.0399, -4.7240,
     -4.9303, -4.8145, -4.7943]]],


  [[[-4.2959, -4.5876, -4.5808, -4.7247, -4.7267, -4.5128, -4.3874,
     -4.6294, -4.7129, -5.0783],
    [-4.4795, -4.5385, -4.1286, -4.2706, -4.5934, -4.3629, -4.9105,
     -4.6662, -4.7545, -5.1053],
    [-4.3618, -4.7059, -3.9629, -4.4151, -4.5912, -4.0853, -4.5948,
     -4.6285, -4.9435, -5.2376],
    [-4.3666, -4.1817, -4.2339, -4.0328, -4.4227, -4.1129, -4.4218,
     -4.6839, -5.1009, -5.0992],
    [-4.1732, -4.2956, -4.1847, -4.5275, -4.1841, -4.2344, -4.0475,
     -4.4538, -4.6232, -4.7884],
    [-4.3068, -4.3881, -4.3061, -4.4598, -4.0051, -3.9993, -3.7339,
     -4.0954, -4.5456, -4.9323],
    [-4.0569, -4.1486, -4.1371, -4.3595, -4.6424, -4.5684, -4.4647,
     -4.2513, -4.8612, -4.6686],
    [-4.3100, -4.5251, -4.6637, -4.4706, -4.3486, -4.5389, -4.4097,
     -4.3446, -4.6755, -4.7065]],

   [[-4.7783, -4.8232, -4.8645, -4.7187, -4.7772, -4.9991, -4.8570,
     -4.7762, -4.7193, -4.7503],
    [-4.9775, -4.8378, -4.8328, -4.5859, -4.8505, -5.1185, -4.9770,
     -5.0721, -4.9499, -4.8773],
    [-4.9441, -5.0488, -5.1001, -4.9283, -5.0354, -5.0919, -4.7377,
     -5.2848, -4.7210, -4.6375],
    [-4.7231, -5.0143, -4.7810, -4.8267, -4.6759, -4.7858, -4.4113,
     -4.7307, -4.6931, -4.6290],
    [-4.8854, -5.1132, -5.0429, -5.2215, -5.6432, -4.7550, -4.6722,
     -4.6617, -4.9904, -4.7154],
    [-4.6782, -4.9148, -5.0975, -5.1965, -5.3841, -5.4602, -4.8258,
     -4.5085, -5.0352, -4.9906],
    [-4.8437, -4.9346, -5.0299, -4.8181, -5.2514, -5.1071, -5.0206,
     -4.9787, -4.9835, -4.8699],
    [-4.6979, -4.7353, -4.6042, -4.8124, -4.5485, -4.3888, -4.6672,
     -4.8920, -4.6680, -4.6715]],

   [[-4.6814, -4.6069, -4.5989, -4.4902, -4.6313, -4.7248, -4.4817,
     -4.4951, -4.5780, -4.6473],
    [-4.6721, -4.4366, -4.7903, -4.4101, -4.4263, -4.8270, -4.3782,
     -4.4756, -4.5379, -4.9563],
    [-4.6403, -4.7744, -4.6262, -4.3806, -4.6603, -4.8534, -4.5483,
     -4.7188, -4.9719, -4.8474],
    [-4.7615, -5.1027, -4.8916, -4.8652, -4.8446, -4.5000, -4.8914,
     -4.8301, -5.2250, -5.2203],
    [-4.7058, -4.7410, -4.9134, -4.8216, -5.2288, -4.8668, -5.1295,
     -4.8628, -5.0545, -4.7431],
    [-4.6816, -4.4887, -4.9957, -5.1613, -4.7789, -4.9179, -4.7257,
     -4.7519, -5.0169, -4.7381],
    [-4.7930, -4.6556, -4.6516, -4.7587, -4.8477, -4.8516, -5.0879,
     -5.0069, -4.8108, -5.0050],
    [-4.5178, -4.6230, -4.7866, -4.8352, -4.8159, -4.7320, -4.7420,
     -4.6248, -4.9575, -4.9572]]],


  [[[-4.3726, -4.2359, -4.6167, -4.6803, -4.8867, -4.9991, -4.7831,
     -4.7632, -4.6911, -4.8431],
    [-4.2182, -4.1932, -4.2081, -4.3635, -4.4912, -4.5852, -4.2232,
     -4.3422, -4.4023, -4.9854],
    [-4.4985, -4.7568, -4.7218, -4.6638, -4.7982, -4.4814, -4.2311,
     -4.5436, -4.9937, -4.9660],
    [-4.3734, -4.7635, -4.7478, -4.8674, -4.8594, -4.6899, -4.8027,
     -4.3934, -4.3707, -5.1523],
    [-3.8143, -4.2281, -4.1867, -4.4089, -5.0737, -5.0597, -4.4537,
     -4.4396, -4.9153, -5.3182],
    [-4.3746, -4.6305, -4.4330, -4.2292, -4.3611, -4.4039, -4.3681,
     -4.6442, -4.4464, -4.7801],
    [-4.6194, -4.5569, -4.3402, -4.4791, -4.6845, -4.5489, -4.0794,
     -4.4528, -4.7159, -4.8228],
    [-4.4704, -4.5360, -4.3870, -4.2963, -4.3013, -4.2945, -4.1162,
     -4.1642, -4.3307, -4.8009]],

   [[-4.7951, -4.7776, -4.7413, -4.8398, -4.7695, -5.0842, -4.8888,
     -4.9019, -4.6892, -4.6485],
    [-5.0714, -5.0398, -5.0939, -5.0892, -5.0768, -5.0078, -4.4895,
     -4.8539, -4.7937, -4.7888],
    [-4.7107, -4.5002, -4.7401, -5.0661, -4.8394, -4.9792, -4.7222,
     -4.8679, -5.0783, -4.7690],
    [-4.7893, -4.7580, -4.5440, -4.9500, -4.9297, -5.0000, -4.5042,
     -4.6652, -4.8191, -4.6323],
    [-4.7404, -5.3072, -5.0128, -5.0662, -4.9962, -4.3334, -4.6861,
     -4.8605, -4.6936, -4.7115],
    [-4.9368, -4.7833, -4.4365, -4.8729, -4.9655, -4.7311, -4.9139,
     -4.9961, -4.8569, -4.5598],
    [-5.0593, -4.9090, -5.0894, -5.1727, -5.0891, -4.8389, -5.1221,
     -4.9481, -5.1954, -4.8672],
    [-4.7764, -4.7964, -4.7278, -4.9854, -4.6460, -4.7017, -4.8425,
     -4.9953, -4.8455, -4.7404]],

   [[-4.5910, -4.4705, -4.2455, -4.6586, -4.8269, -4.7411, -4.9168,
     -4.6394, -4.5616, -4.5502],
    [-4.4861, -4.4376, -4.5773, -4.8945, -5.0860, -4.9680, -4.3410,
     -4.6738, -4.7381, -4.8696],
    [-4.3012, -4.4765, -4.7045, -4.7009, -4.9748, -4.8254, -4.9340,
     -4.6616, -4.9189, -5.0105],
    [-4.6797, -4.7805, -4.7326, -5.4609, -5.1300, -5.0514, -4.8914,
     -4.9301, -5.1926, -4.7747],
    [-4.8774, -4.8657, -5.1619, -5.5588, -5.0476, -4.8753, -4.6907,
     -4.7214, -4.4902, -4.7935],
    [-4.6447, -4.6441, -4.9077, -4.9609, -5.2498, -4.6069, -4.8431,
     -4.7138, -4.9057, -4.9408],
    [-4.5762, -4.9085, -5.0251, -4.8599, -5.0170, -4.8647, -4.9284,
     -5.0806, -4.9585, -5.0416],
    [-4.7084, -4.8844, -4.7564, -4.8317, -4.9290, -4.7272, -5.0219,
     -4.9863, -4.7714, -4.7258]]]], device='cuda:0',
 grad_fn=<AddBackward0>)]